Z 6.0 6.1 6.2 6.3 6.4 6.5 6.6 6.7 6.8 6.9 7.0 7.1 7.2 7.3 7.4 7.5 7.6 7.7 7.8 7.9 8.0 8.1 8.2 8.3 8.4 8.5 8.6 8.7 8.8 8.9 9.0 9.1 9.2 9.3 9.4 9.5 9.6 9.7 9.8 9.9 10.0 10.1 10.2 10.3 10.4 10.5 10.6 10.7 10.8 10.9 11.0
Z001 52.89001 52.96638 52.98516 52.95241 52.89462 52.74905 52.55855 52.35275 52.10498 51.86126 51.59944 51.32382 50.8576 50.59963 50.24349 50.12532 49.95152 49.84072 49.69813 49.50586 49.34183 49.15838 48.82746 48.62109 48.30486 48.14396 47.90256 47.63976 47.31422 47.168 47.0312 47.08902 46.74987 46.66762 46.53545 46.31331 46.27497 45.98539 45.96775 45.99147 45.74371 45.88448 45.48591 45.58204 45.41497 45.41006 46.20123 46.79971 47.46992 47.50735 36.23723
Z002 52.89985 52.96633 52.96745 52.91837 52.86292 52.72674 52.54215 52.29126 52.02396 51.7488 51.4912 51.23223 50.86778 50.58947 50.23504 50.11054 49.95225 49.85498 49.65476 49.52188 49.35634 49.15283 48.88232 48.67495 48.54026 48.26006 48.03082 47.68606 47.3899 47.24916 46.93748 46.95283 46.92662 46.69676 46.52994 46.43101 46.19242 46.19164 46.02538 45.82561 45.96315 45.7485 45.7397 45.68982 45.46954 45.42839 45.64445 46.65894 47.09759 47.38896 47.00758
Z003 52.9048 52.955 52.94277 52.88457 52.81336 52.6979 52.50893 52.26879 51.9748 51.67421 51.41541 51.16211 50.86589 50.55788 50.21252 50.06951 49.91235 49.77021 49.71364 49.50345 49.43933 49.28168 48.95742 48.78697 48.52719 48.36635 48.20242 47.64655 47.43695 47.2814 47.01972 46.88603 46.89267 46.6779 46.54419 46.41947 46.27662 46.21944 45.99656 45.89379 45.95811 45.81569 45.85964 45.58705 45.49084 45.46181 45.4161 45.41391 46.78686 47.41492 43.68288
Z004 52.91181 52.9465 52.9261 52.85204 52.78953 52.66723 52.45986 52.24471 51.95867 51.63287 51.34848 51.08654 50.83138 50.55682 50.18924 50.04237 49.88344 49.78217 49.60059 49.39699 49.40749 49.1798 48.94834 48.83122 48.64219 48.39895 48.30579 47.9785 47.74312 47.44212 47.12208 46.9314 46.90922 46.75824 46.59103 46.45646 46.30435 46.23849 45.97199 46.05247 45.96464 45.66726 45.89057 45.60834 45.69496 45.50354 45.46049 45.3665 43.49582 46.98389 47.16041
Z006 52.91589 52.92814 52.90179 52.81953 52.74385 52.58482 52.3734 52.11327 51.81394 51.46662 51.19058 50.92879 50.69704 50.40229 50.25143 50.03668 49.8583 49.78869 49.57943 49.40755 49.36287 49.09064 48.9674 48.77726 48.60992 48.43212 48.25741 47.86302 47.75494 47.39246 47.14493 46.97915 46.97874 46.75581 46.62768 46.49341 46.32391 46.20331 46.19094 46.00504 45.8818 45.95636 45.83158 45.70073 45.76747 45.54036 45.50435 45.38023 44.49023 46.85322 47.12544
Z008 52.90508 52.89857 52.86147 52.76855 52.68988 52.5364 52.32556 52.04827 51.76597 51.42426 51.15372 50.89236 50.62361 50.39306 50.17971 50.02692 49.85875 49.74902 49.58441 49.46234 49.24624 49.24364 48.9827 48.77039 48.58945 48.39984 48.1672 47.82009 47.64968 47.35638 46.96766 46.79619 46.6179 46.74853 46.58574 46.47715 46.44163 46.28222 46.21841 45.99764 45.95771 45.95368 45.85 45.75442 45.77476 45.55404 45.52483 42.53882 46.38899 47.51278 47.12339
Z010 52.89265 52.85968 52.80928 52.71258 52.62039 52.47203 52.2624 51.9784 51.6892 51.37739 51.12203 50.86477 50.59749 50.37 50.17442 49.99044 49.8563 49.73755 49.5103 49.31985 49.22026 49.09265 48.86718 48.63324 48.41735 48.17405 47.9261 47.60732 47.40126 47.2107 47.06482 46.5252 46.74061 46.75778 46.65458 46.48364 46.44621 46.39227 46.12868 46.12904 46.02829 45.90091 45.92694 45.79337 45.80954 45.55747 45.21151 41.10354 46.90009 47.13801 47.00677
Z014 52.85874 52.81335 52.77779 52.70007 52.52774 52.37578 52.15652 51.87762 51.58905 51.31075 51.04943 50.80498 50.56872 50.3155 50.15153 49.94584 49.87265 49.64305 49.60407 49.38517 49.28459 49.12646 48.90525 48.61768 48.48344 48.22103 47.733 47.58513 47.29957 47.3017 47.01497 46.95218 46.61839 46.72408 46.79411 46.57987 46.46758 46.3245 46.2551 46.19715 45.95821 45.97135 45.90686 45.84435 45.7778 45.33126 41.74501 46.96629 47.40846 47.32949 46.9504
Z020 52.82161 52.73535 52.67549 52.58267 52.46628 52.32627 52.10139 51.8255 51.50461 51.28592 51.00303 50.76125 50.49643 50.29714 50.06929 49.96723 49.81263 49.67698 49.63841 49.42546 49.24547 49.06229 48.96038 48.63762 48.60701 48.24168 47.75176 47.66724 47.413 47.26955 47.13468 46.87996 46.64463 46.82095 46.71779 46.63095 46.51151 46.47223 46.30124 46.11788 46.14368 45.95716 45.8952 45.4903 43.125 46.92499 47.39105 47.38581 47.25526 46.96242 46.84594
Z030 52.74417 52.62637 52.56193 52.45162 52.32325 52.1862 51.91491 51.64982 51.35822 51.12733 50.91084 50.65743 50.45172 50.31482 50.04788 49.94014 49.78846 49.62522 49.49674 49.4065 49.20114 49.03748 48.8189 48.4573 48.32954 48.1045 47.62944 47.58455 47.28123 47.13493 47.18617 47.02014 46.47649 46.82558 46.79196 46.72149 46.57676 46.50342 46.331 46.28603 46.10683 45.04662 44.32515 47.18418 47.44168 47.52001 47.1294 47.15523 46.77498 47.02761 46.92282
Z040 52.68659 52.57169 52.50039 52.37256 52.2368 52.14112 51.82355 51.53689 51.27693 51.04024 50.8389 50.63235 50.41313 50.23241 50.11852 49.91877 49.73037 49.62761 49.52216 49.36639 49.16498 49.04229 48.86033 48.51965 48.39948 48.09773 47.71166 47.63038 47.28459 47.21036 47.23018 47.01003 46.76666 46.73288 46.82739 46.63267 46.69172 46.52627 46.38639 44.91866 47.60836 47.55308 47.31334 47.34926 47.17466 46.85528 46.7861 47.19031 46.64041 46.03274 45.86672
Zem4 52.88733 52.94324 52.97924 53.00551 52.94114 52.77867 52.63656 52.49347 52.30501 52.07004 51.80934 51.46814 51.02108 50.60778 50.07343 49.8722 49.70377 49.58055 49.39557 49.23709 49.07991 48.90539 48.61223 48.25814 48.03404 47.68409 47.64183 47.27234 47.0818 46.87458 47.00686 46.69564 46.56856 46.41065 46.34756 46.22024 46.20673 45.80705 45.9928 46.05754 45.66683 46.08689 45.44247 45.07922 45.16817 45.69196 46.11559 47.15871 47.54451 47.17844 47.06175
Zem5 52.89118 52.94889 52.98086 53.01516 52.98059 52.82959 52.6771 52.55328 52.38561 52.16263 51.89013 51.52711 51.15062 50.72946 50.16666 49.86858 49.54529 49.30263 49.07295 48.86233 48.65395 48.49067 48.14092 48.05248 47.96036 47.64741 47.41503 47.17872 46.94402 46.78875 46.64124 46.72166 46.60989 46.39705 46.32784 46.26896 46.33019 45.8687 46.26753 46.16788 45.35055 46.36759 45.48711 44.57815 44.95475 45.39869 46.22813 47.42153 47.60833 45.98435 43.27582
