WL FLUX ERROR
912.0 0.0 99.0
913.0 0.0 99.0
914.0 0.0 99.0
915.0 0.0 99.0
916.0 0.0 99.0
917.0 0.0 99.0
918.0 0.0 99.0
919.0 0.0 99.0
920.0 0.0 99.0
921.0 0.0 99.0
922.0 0.0 99.0
923.0 0.0 99.0
924.0 0.0 99.0
925.0 0.0 99.0
926.0 0.0 99.0
927.0 0.0 99.0
928.0 0.0 99.0
929.0 0.0 99.0
930.0 0.0 99.0
931.0 0.0 99.0
932.0 0.0 99.0
933.0 0.0 99.0
934.0 0.0 99.0
935.0 0.0 99.0
936.0 0.0 99.0
937.0 0.0 99.0
938.0 0.0 99.0
939.0 0.0 99.0
940.0 0.0 99.0
941.0 0.0 99.0
942.0 0.0 99.0
943.0 0.0 99.0
944.0 0.0 99.0
945.0 0.0 99.0
946.0 0.0 99.0
947.0 0.0 99.0
948.0 0.0 99.0
949.0 0.0 99.0
950.0 0.0 99.0
951.0 0.0 99.0
952.0 0.0 99.0
953.0 0.0 99.0
954.0 0.0 99.0
955.0 0.0 99.0
956.0 0.0 99.0
957.0 0.0 99.0
958.0 0.0 99.0
959.0 0.0 99.0
960.0 0.0 99.0
961.0 0.0 99.0
962.0 0.0 99.0
963.0 0.0 99.0
964.0 0.0 99.0
965.0 0.0 99.0
966.0 0.0 99.0
967.0 0.0 99.0
968.0 0.0 99.0
969.0 0.0 99.0
970.0 0.0 99.0
971.0 0.0 99.0
972.0 0.0 99.0
973.0 0.0 99.0
974.0 0.0 99.0
975.0 0.0 99.0
976.0 0.0 99.0
977.0 0.0 99.0
978.0 0.0 99.0
979.0 0.0 99.0
980.0 0.0 99.0
981.0 0.0 99.0
982.0 0.0 99.0
983.0 0.0 99.0
984.0 0.0 99.0
985.0 0.0 99.0
986.0 0.0 99.0
987.0 0.0 99.0
988.0 0.0 99.0
989.0 0.0 99.0
990.0 0.0 99.0
991.0 0.0 99.0
992.0 0.0 99.0
993.0 0.0 99.0
994.0 0.0 99.0
995.0 0.0 99.0
996.0 0.0 99.0
997.0 0.0 99.0
998.0 0.0 99.0
999.0 0.0 99.0
1000.0 0.0 99.0
1001.0 0.0 99.0
1002.0 0.0 99.0
1003.0 0.0 99.0
1004.0 0.0 99.0
1005.0 0.0 99.0
1006.0 0.0 99.0
1007.0 0.0 99.0
1008.0 0.0 99.0
1009.0 0.0 99.0
1010.0 0.0 99.0
1011.0 0.0 99.0
1012.0 0.0 99.0
1013.0 0.0 99.0
1014.0 0.0 99.0
1015.0 0.0 99.0
1016.0 0.0 99.0
1017.0 0.0 99.0
1018.0 0.0 99.0
1019.0 0.0 99.0
1020.0 0.0 99.0
1021.0 0.0 99.0
1022.0 0.0 99.0
1023.0 0.0 99.0
1024.0 0.0 99.0
1025.0 0.0 99.0
1026.0 0.0 99.0
1027.0 0.0 99.0
1028.0 0.0 99.0
1029.0 0.0 99.0
1030.0 0.0 99.0
1031.0 0.0 99.0
1032.0 0.0 99.0
1033.0 0.0 99.0
1034.0 0.0 99.0
1035.0 0.0 99.0
1036.0 0.0 99.0
1037.0 0.0 99.0
1038.0 0.0 99.0
1039.0 0.0 99.0
1040.0 0.0 99.0
1041.0 0.0 99.0
1042.0 0.0 99.0
1043.0 0.0 99.0
1044.0 0.0 99.0
1045.0 0.0 99.0
1046.0 0.0 99.0
1047.0 0.0 99.0
1048.0 0.0 99.0
1049.0 0.0 99.0
1050.0 0.0 99.0
1051.0 0.0 99.0
1052.0 0.0 99.0
1053.0 0.0 99.0
1054.0 0.0 99.0
1055.0 0.0 99.0
1056.0 0.0 99.0
1057.0 0.0 99.0
1058.0 0.0 99.0
1059.0 0.0 99.0
1060.0 0.0 99.0
1061.0 0.0 99.0
1062.0 0.0 99.0
1063.0 0.0 99.0
1064.0 0.0 99.0
1065.0 0.0 99.0
1066.0 0.0 99.0
1067.0 0.0 99.0
1068.0 0.0 99.0
1069.0 0.0 99.0
1070.0 0.0 99.0
1071.0 0.0 99.0
1072.0 0.0 99.0
1073.0 0.0 99.0
1074.0 0.0 99.0
1075.0 0.0 99.0
1076.0 0.0 99.0
1077.0 0.0 99.0
1078.0 0.0 99.0
1079.0 0.0 99.0
1080.0 0.0 99.0
1081.0 0.0 99.0
1082.0 0.0 99.0
1083.0 0.0 99.0
1084.0 0.0 99.0
1085.0 0.0 99.0
1086.0 0.0 99.0
1087.0 0.0 99.0
1088.0 0.0 99.0
1089.0 0.0 99.0
1090.0 0.0 99.0
1091.0 0.0 99.0
1092.0 0.0 99.0
1093.0 0.0 99.0
1094.0 0.0 99.0
1095.0 0.0 99.0
1096.0 0.0 99.0
1097.0 0.0 99.0
1098.0 0.0 99.0
1099.0 0.0 99.0
1100.0 0.0 99.0
1101.0 0.0 99.0
1102.0 0.0 99.0
1103.0 0.0 99.0
1104.0 0.0 99.0
1105.0 0.0 99.0
1106.0 0.0 99.0
1107.0 0.0 99.0
1108.0 0.0 99.0
1109.0 0.0 99.0
1110.0 0.0 99.0
1111.0 0.0 99.0
1112.0 0.0 99.0
1113.0 0.0 99.0
1114.0 0.0 99.0
1115.0 0.0 99.0
1116.0 0.0 99.0
1117.0 0.0 99.0
1118.0 0.0 99.0
1119.0 0.0 99.0
1120.0 0.0 99.0
1121.0 0.0 99.0
1122.0 0.0 99.0
1123.0 0.0 99.0
1124.0 0.0 99.0
1125.0 0.0 99.0
1126.0 0.0 99.0
1127.0 0.0 99.0
1128.0 0.0 99.0
1129.0 0.0 99.0
1130.0 0.0 99.0
1131.0 3.7670961476929904e-15 5.180134312099356e-16
1132.0 3.8215385098063895e-15 5.096833808979806e-16
1133.0 1.9079942293121568e-15 4.1674667921051e-16
1134.0 2.3093357959206963e-15 3.4031277806826847e-16
1135.0 3.3114910508235143e-15 2.980182069393507e-16
1136.0 3.978699846864131e-15 3.029889335032714e-16
1137.0 4.553959844274067e-15 2.9494260718619196e-16
1138.0 4.1212165287202485e-15 2.766336989760923e-16
1139.0 2.8788448041472583e-15 2.3202491111607417e-16
1140.0 4.015440002154259e-15 2.337056613539681e-16
1141.0 3.6343876063575925e-15 2.210076116377976e-16
1142.0 2.984097207752749e-15 2.1440815134116117e-16
1143.0 1.5361132820681427e-15 2.018862213630636e-16
1144.0 2.4728859053648535e-15 2.015431257084696e-16
1145.0 1.7422946967147956e-15 2.0101809050158277e-16
1146.0 4.398814005235604e-15 2.2361061533257364e-16
1147.0 4.197971452042322e-15 2.240633034888628e-16
1148.0 4.418744383375574e-15 2.222458454802515e-16
1149.0 4.896080065699405e-15 2.246274853731703e-16
1150.0 4.812499842004861e-15 2.1989288940700644e-16
1151.0 3.2613751763379888e-15 2.1086954018579375e-16
1152.0 4.653830652546929e-15 2.09322086491386e-16
1153.0 4.224601539131246e-15 2.0393063741623303e-16
1154.0 3.513055282613632e-15 1.9838735050474653e-16
1155.0 3.596139875481838e-15 1.9700904827931142e-16
1156.0 4.07526113966551e-15 1.9745977325527407e-16
1157.0 4.41856207602385e-15 1.9853066317614777e-16
1158.0 3.384012680175398e-15 1.9498796518847954e-16
1159.0 3.578405693218436e-15 1.9627465050091073e-16
1160.0 3.8434522951601444e-15 1.9192223656498579e-16
1161.0 4.561410866701546e-15 1.9147762368416597e-16
1162.0 3.767833487522505e-15 1.8722378532916057e-16
1163.0 4.083596854041357e-15 1.9322485094708114e-16
1164.0 5.000668976547291e-15 1.9740344806261472e-16
1165.0 4.244907269737116e-15 1.9308406421076816e-16
1166.0 3.260831730122775e-15 1.846674124605064e-16
1167.0 3.458824025706597e-15 1.8160250504894931e-16
1168.0 3.4855279307356503e-15 1.8077088653733274e-16
1169.0 3.1884751639593175e-15 1.7879016054351625e-16
1170.0 3.2022570581004303e-15 1.7773431631690597e-16
1171.0 2.7157273080707698e-15 1.7403752666524091e-16
1172.0 2.859718971486012e-15 1.712556913362693e-16
1173.0 2.6047276985406874e-15 1.6568943070065414e-16
1174.0 1.9426300182266775e-15 1.5825075485185468e-16
1175.0 8.329716320213766e-16 1.4811737826084284e-16
1176.0 1.2542435821094722e-15 1.5399553222513402e-16
1177.0 2.7088255441166398e-15 1.7024785107721836e-16
1178.0 3.201576385463035e-15 1.8240703052422308e-16
1179.0 3.343989463387143e-15 1.8332237058097447e-16
1180.0 4.0530575293300394e-15 1.838191503541326e-16
1181.0 4.415593452555314e-15 1.8597256902465477e-16
1182.0 3.973325479243871e-15 1.8308957651468101e-16
1183.0 3.483677698672055e-15 1.783097243788286e-16
1184.0 3.893677799852547e-15 1.746680194687184e-16
1185.0 4.052941850560152e-15 1.7422119573905857e-16
1186.0 4.076678353768703e-15 1.7630547546668156e-16
1187.0 4.6849602831209415e-15 1.7543474729686551e-16
1188.0 3.460105417858434e-15 1.5926310798537446e-16
1189.0 1.7617637697753953e-15 1.4197448402708162e-16
1190.0 6.328277604128258e-16 1.3002067200523615e-16
1191.0 8.850120460121462e-16 1.2500392770839725e-16
1192.0 2.017342419405539e-15 1.3756139449963037e-16
1193.0 3.2509439155680006e-16 1.237175030401629e-16
1194.0 1.4203265545897716e-15 1.3008047378078419e-16
1195.0 4.1723636690528675e-15 1.5830256810887956e-16
1196.0 4.863014126048311e-15 1.6689901447705685e-16
1197.0 3.5754898797616915e-15 1.5658919329805485e-16
1198.0 3.4205234160114076e-15 1.4529843903899742e-16
1199.0 7.971780138374332e-16 1.2572162428191183e-16
1200.0 1.1304716151453379e-15 1.2151763796160283e-16
1201.0 1.9054674535020575e-15 1.2755896901071452e-16
1202.0 2.1927579780344743e-15 1.3582397670273445e-16
1203.0 3.174998951830265e-15 1.4221312889821831e-16
1204.0 1.612132362354393e-15 1.2267937831776378e-16
1205.0 5.613879244362842e-16 1.0999518986629183e-16
1206.0 4.183732640736854e-16 1.0744179026123889e-16
1207.0 4.968532015520793e-16 1.1060627309033937e-16
1208.0 3.530084676460905e-15 1.2789232923627806e-16
1209.0 5.256117440895849e-15 1.2971792513618014e-16
1210.0 7.25497571007347e-15 1.199401579866174e-16
1211.0 2.661137138969048e-14 1.1189533217105657e-16
1212.0 2.7977001375119542e-11 1.4270468964742808e-16
1213.0 -8.681201259101628e-23 1.4262759728256009e-15
1214.0 -1.7905402536181044e-31 2.093028128541e-15
1215.0 9.93682033759238e-23 2.4796961555174365e-16
1216.0 3.0938889465877633e-12 1.0343152097154354e-16
1217.0 8.80918349792839e-15 1.0479466667360119e-16
1218.0 6.946470745057595e-15 1.1439270658738775e-16
1219.0 5.434190701119589e-15 1.2385889818937825e-16
1220.0 4.390227637095302e-15 1.2912668209152673e-16
1221.0 4.320489815142444e-15 1.3438953889010476e-16
1222.0 4.250322517027932e-15 1.3816654060430398e-16
1223.0 4.645721656428165e-15 1.4464255567339346e-16
1224.0 4.320862144167101e-15 1.4542358679489435e-16
1225.0 5.2058876755118606e-15 1.4755991183474597e-16
1226.0 4.061673884792451e-15 1.4502899860771557e-16
1227.0 3.5406925294038025e-15 1.4028286939520801e-16
1228.0 3.9675693495709646e-15 1.4085079301001937e-16
1229.0 3.1998289461287822e-15 1.358650571133755e-16
1230.0 2.367139281049101e-15 1.2796529371416833e-16
1231.0 4.008482713224905e-15 1.3951417447191606e-16
1232.0 3.717185363254725e-15 1.4262296086882625e-16
1233.0 3.538555369447237e-15 1.3944445966788368e-16
1234.0 3.4834781572176906e-15 1.3699352515162396e-16
1235.0 3.3150874124842363e-15 1.3663771365818096e-16
1236.0 3.1044625492992926e-15 1.3393328618942398e-16
1237.0 3.1629521265002524e-15 1.3321623378037717e-16
1238.0 3.0632638514626626e-15 1.3284654407905628e-16
1239.0 3.4514242206397954e-15 1.3715477613116565e-16
1240.0 4.393396090525238e-15 1.4497382415620636e-16
1241.0 4.253578213394678e-15 1.4745273750990616e-16
1242.0 5.068576056041352e-15 1.5005801716083414e-16
1243.0 4.8922332951707604e-15 1.51027961063597e-16
1244.0 5.8599270606926864e-15 1.5609173432695018e-16
1245.0 5.211222692393037e-15 1.5395205700654472e-16
1246.0 4.9004410516825774e-15 1.485109594275107e-16
1247.0 2.9234817679594906e-15 1.3287501464412413e-16
1248.0 3.512236927512354e-15 1.3316532326630242e-16
1249.0 4.736683899014582e-15 1.4413581064940324e-16
1250.0 3.385917072706244e-15 1.4004945900417735e-16
1251.0 4.435593836997958e-15 1.4126125919119656e-16
1252.0 3.605577921729832e-15 1.3767460978615626e-16
1253.0 4.31855854199724e-15 1.4026719502607136e-16
1254.0 3.406110229173638e-15 1.3866276719180032e-16
1255.0 4.6834559339070945e-15 1.465077422111135e-16
1256.0 4.720260422910726e-15 1.453853632172001e-16
1257.0 4.183960006114253e-15 1.3917625392894403e-16
1258.0 1.8287280559846483e-15 1.1235375454696308e-16
1259.0 1.0329826539265313e-15 1.0350673276184184e-16
1260.0 3.8736166033784757e-16 9.704763289773329e-17
1261.0 1.2472149986471202e-15 1.1299446852000385e-16
1262.0 4.534006833935621e-15 1.4213769235876513e-16
1263.0 4.475398776683127e-15 1.459667582588313e-16
1264.0 4.297148710377285e-15 1.417375002968319e-16
1265.0 3.4765751620645092e-15 1.3899350471901667e-16
1266.0 4.092153184594396e-15 1.4547554805880026e-16
1267.0 4.424649107219137e-15 1.4909713437215684e-16
1268.0 4.744872408515961e-15 1.488152113890444e-16
1269.0 4.212855133325778e-15 1.6270186194815657e-16
1270.0 5.200136958605943e-15 1.7267048707386226e-16
1271.0 4.283150140811317e-15 1.7441627361523723e-16
1272.0 4.251785185042836e-15 1.9931594014791132e-16
1273.0 4.9037636502205055e-15 2.41560182713284e-16
1274.0 4.828183201242236e-15 2.797885912610489e-16
1275.0 3.649508448738182e-15 2.6512144207435057e-16
1276.0 3.7780763230184594e-15 2.3937128523312807e-16
1277.0 2.846823216799621e-17 9.773770277823299e-17
1278.0 2.2606597880465013e-28 9.405141313990276e-19
1279.0 -1.6234182474987232e-38 1.453737553534286e-26
1280.0 -1.0895862878682791e-47 9.757020453174254e-36
1281.0 4.9571511293021025e-57 -4.4435091926333846e-45
1282.0 5.359601191952851e-50 -3.337272261715675e-38
1283.0 -3.584287064324145e-41 2.231834304342491e-29
1284.0 -5.509893520853491e-31 1.2436829342652117e-19
1285.0 3.3681084000154926e-21 5.3256368379602924e-17
1286.0 3.248949865796007e-15 2.8860379311579725e-16
1287.0 3.722697231172956e-15 2.7766788305608045e-16
1288.0 4.707296418850233e-15 2.737576373097127e-16
1289.0 4.086402813367088e-15 2.306474043755067e-16
1290.0 5.085769443254264e-15 2.036425608940296e-16
1291.0 4.006799786401999e-15 1.8791667637123871e-16
1292.0 4.328576171037434e-15 1.90170040563328e-16
1293.0 3.7477606972809375e-15 1.843970448641786e-16
1294.0 3.806348433474005e-15 1.5848079034398186e-16
1295.0 3.659854426781866e-15 1.5626288920882896e-16
1296.0 3.2500542228919093e-15 1.5258588327714145e-16
1297.0 2.6565043404484908e-15 1.4694869094824341e-16
1298.0 3.6850360292460805e-15 1.5502333679496618e-16
1299.0 1.8812432651802815e-15 1.751597825627727e-16
1300.0 4.216611128270577e-14 3.189981264384433e-16
1301.0 2.3394703325548547e-15 1.7472133882428808e-16
1302.0 3.923927325679439e-15 1.968564255898969e-16
1303.0 2.7525101786363184e-14 2.944838955294779e-16
1304.0 1.30913116561841e-14 2.230181228751308e-16
1305.0 2.2826776686675523e-15 1.5303095604711525e-16
1306.0 4.272180532406016e-15 1.634207159021806e-16
1307.0 4.529068416334328e-15 1.698810145609408e-16
1308.0 4.316531902396833e-15 1.7103639637757744e-16
1309.0 4.047716526480029e-15 1.637396756951828e-16
1310.0 4.637275663629322e-15 1.7052937022555113e-16
1311.0 5.252516332408169e-15 1.7543009934527888e-16
1312.0 4.585024602934792e-15 1.7039264731175002e-16
1313.0 3.924432280633624e-15 1.6933389527795136e-16
1314.0 4.859653746673057e-15 1.7344695333487062e-16
1315.0 3.935174728871549e-15 1.6862766794113597e-16
1316.0 3.749436340002552e-15 1.6857922331052787e-16
1317.0 3.834818187471994e-15 1.7047332825944658e-16
1318.0 4.6441768556682885e-15 1.738878388336412e-16
1319.0 4.4974339371371475e-15 1.7425148645317795e-16
1320.0 4.542551666302802e-15 1.7627597892994796e-16
1321.0 3.8620921608377245e-15 1.713408253300413e-16
1322.0 4.427776735754041e-15 1.7248850522245085e-16
1323.0 4.83615301897318e-15 1.7413576994686435e-16
1324.0 3.1176575921498174e-15 1.6306740594668306e-16
1325.0 4.451994067179594e-15 1.7107204503827562e-16
1326.0 4.992097142859168e-15 1.7539870155838226e-16
1327.0 4.485353038067091e-15 1.6998173839107158e-16
1328.0 3.6233685413526864e-15 1.6332859830178505e-16
1329.0 3.570996679318519e-15 1.6621237815823575e-16
1330.0 3.7693304726417105e-15 1.6848540114908876e-16
1331.0 4.661953886989642e-15 1.6916898205844567e-16
1332.0 1.0563648224259088e-15 1.349495313526479e-16
1333.0 1.8921883869137493e-15 1.3139169439281602e-16
1334.0 1.7896929310896431e-16 1.1970906676542606e-16
1335.0 2.0731548172250883e-16 1.1941110954082152e-16
1336.0 2.9426144004002407e-15 1.547317021406118e-16
1337.0 4.871706750721573e-15 1.7745195037773332e-16
1338.0 4.296872921010713e-15 1.754003957825584e-16
1339.0 4.8742166110122675e-15 1.7775182710541552e-16
1340.0 4.1890654789463004e-15 1.7735332282052363e-16
1341.0 4.2493268400228846e-15 1.7361765987990875e-16
1342.0 4.132287816475235e-15 1.697916777017455e-16
1343.0 4.146021725287636e-15 1.6850427887087387e-16
1344.0 3.705290353260881e-15 1.6710080414041522e-16
1345.0 3.655501407719285e-15 1.6725062491955837e-16
1346.0 4.350266866580704e-15 1.7311424205302677e-16
1347.0 4.4541929823872794e-15 1.7662122551185235e-16
1348.0 4.127644373599594e-15 1.7802218028547888e-16
1349.0 4.911442650463252e-15 1.8039059795688832e-16
1350.0 4.227501505311498e-15 1.7649605662651027e-16
1351.0 3.8997483326682e-15 1.731483295024161e-16
1352.0 4.842040596784168e-15 1.7866109978179008e-16
1353.0 4.097114317537703e-15 1.7614191327156194e-16
1354.0 4.292428969570538e-15 1.761708285959542e-16
1355.0 4.748919044210046e-15 1.7839020643777935e-16
1356.0 4.375949670252226e-15 1.7686581461961908e-16
1357.0 3.677822730408118e-15 1.731494633989798e-16
1358.0 4.088068110544187e-15 1.77324384519027e-16
1359.0 4.793800802631182e-15 1.7968588556062488e-16
1360.0 4.6440104933211985e-15 1.8145610326610134e-16
1361.0 3.503280646342246e-15 1.7397829550855225e-16
1362.0 3.872266919060689e-15 1.7559286934875789e-16
1363.0 3.93958396166033e-15 1.7633053088480096e-16
1364.0 4.424283279112176e-15 1.7754661416035794e-16
1365.0 3.496878202654102e-15 1.742084079198686e-16
1366.0 4.1614353783713415e-15 1.781917695320584e-16
1367.0 3.4391817493631523e-15 1.7596233543620123e-16
1368.0 3.890571702072762e-15 1.7919936897606638e-16
1369.0 3.794660961752619e-15 1.7715592955297757e-16
1370.0 4.231587273706662e-15 1.8046279795432989e-16
1371.0 3.859483571068573e-15 1.8083298660055053e-16
1372.0 3.981471218443598e-15 1.8144408444553957e-16
1373.0 3.944090990669763e-15 1.7842718190866105e-16
1374.0 3.499129508117001e-15 1.7586588025934297e-16
1375.0 3.709211009903683e-15 1.7692088526595184e-16
1376.0 4.10238188757161e-15 1.8084208805574062e-16
1377.0 3.728307157413649e-15 1.7994085552903048e-16
1378.0 3.917597986227736e-15 1.8038146215985027e-16
1379.0 3.943178326535951e-15 1.7640350190580416e-16
1380.0 3.431366367153881e-15 1.7696780049777697e-16
1381.0 3.924467771433693e-15 1.809685755558065e-16
1382.0 3.229668525076664e-15 1.779831212607116e-16
1383.0 3.2263906653662853e-15 1.7510058428615786e-16
1384.0 2.5082202949309923e-15 1.7165745821850218e-16
1385.0 3.565179098333443e-15 1.7858945724945966e-16
1386.0 3.244335156429321e-15 1.7885526118917917e-16
1387.0 3.040402662564279e-15 1.742384237069126e-16
1388.0 2.6068650872506034e-15 1.7113780717834952e-16
1389.0 3.0885123756680746e-15 1.743965086944257e-16
1390.0 2.5709858590215123e-15 1.707817769081552e-16
1391.0 2.2107103577048422e-15 1.6112929179271256e-16
1392.0 1.63983327125073e-15 1.5595831210396602e-16
1393.0 1.1998470836568023e-15 1.500493212799624e-16
1394.0 1.3174346950403703e-15 1.5216848832934435e-16
1395.0 2.713268086401008e-15 1.7246742314090767e-16
1396.0 2.980316134301072e-15 1.7788936677785016e-16
1397.0 3.012981703565412e-15 1.783837906673994e-16
1398.0 2.896727826525694e-15 1.7903459225658926e-16
1399.0 3.2348433154212345e-15 1.8104025443954776e-16
1400.0 2.112671392710923e-15 1.7248084946042983e-16
1401.0 2.417873096504134e-15 1.7024768953131992e-16
1402.0 1.7232360696351665e-15 1.646446353086615e-16
1403.0 2.170926778874473e-15 1.6902532602978172e-16
1404.0 2.895151045222937e-15 1.8741129128610862e-16
1405.0 3.783705816686258e-15 1.9328302403907675e-16
1406.0 3.4759567309152352e-15 1.9313776283332186e-16
1407.0 3.805807209406615e-15 1.9612064132401761e-16
1408.0 3.6963514563128365e-15 1.9453812197970651e-16
1409.0 3.272999022324736e-15 1.9213188985856097e-16
1410.0 3.368782249985215e-15 1.9257922095172958e-16
1411.0 3.793336691453154e-15 1.9629638783783256e-16
1412.0 3.48777061442945e-15 1.968197166208323e-16
1413.0 3.620295374768712e-15 1.994216344478313e-16
1414.0 3.693087370762565e-15 1.9785664533891036e-16
1415.0 3.417883664826542e-15 1.9557874151856897e-16
1416.0 3.4348551260396272e-15 1.9606330518861274e-16
1417.0 2.511702634154987e-15 1.8624786739961088e-16
1418.0 3.1706408749740564e-15 1.9400881906472273e-16
1419.0 2.9292534945682385e-15 1.9707409681525776e-16
1420.0 2.871781028892537e-15 1.9676245230222514e-16
1421.0 3.903073198639589e-15 2.0260172267154682e-16
1422.0 3.665506490784304e-15 2.0130897310586287e-16
1423.0 3.882568822996078e-15 2.0953513933444886e-16
1424.0 3.3275728031263315e-15 2.3168567899832736e-16
1425.0 4.1916119298660656e-15 2.365919748398758e-16
1426.0 3.088855218810774e-15 2.474618847365462e-16
1427.0 3.5460110538109752e-15 2.7840854640267036e-16
1428.0 3.044917088380373e-15 3.291302491502396e-16
1429.0 3.225303291370531e-15 3.209174904911867e-16
1430.0 3.0695383661268883e-15 1.679511290608665e-16
1431.0 2.7012055655502186e-15 1.562840076502359e-16
1432.0 3.739858056462251e-15 1.5520866331780846e-16
1433.0 3.620437371689891e-15 1.2086429800913359e-16
1434.0 3.4981852930451315e-15 1.1473786621682535e-16
1435.0 3.000703323238227e-15 1.0888601052212609e-16
1436.0 3.2088039224354263e-15 9.361086121773588e-17
1437.0 3.5062261191056464e-15 9.43396868026938e-17
1438.0 3.134500426068866e-15 9.273756618769043e-17
1439.0 3.627228623637058e-15 8.597483443559157e-17
1440.0 3.263849856911867e-15 8.562522158991645e-17
1441.0 3.6947193449242184e-15 8.543499293756193e-17
1442.0 2.9594056665193068e-15 8.269097971323717e-17
1443.0 3.821634552867554e-15 8.704905904722709e-17
1444.0 3.4337375215651735e-15 8.479649162508462e-17
1445.0 3.0485866582907856e-15 8.24301601153371e-17
1446.0 3.2314908074041946e-15 8.444839838536573e-17
1447.0 2.9505951740349967e-15 8.401288446792934e-17
1448.0 3.75645201004623e-15 8.586447966053364e-17
1449.0 3.587415442213384e-15 8.652448142599127e-17
1450.0 3.569342339706823e-15 8.602008189468983e-17
1451.0 3.4826075880760705e-15 8.62316812462393e-17
1452.0 3.485393993059706e-15 8.408561151865452e-17
1453.0 3.3245606782377147e-15 8.5153723960489e-17
1454.0 3.1255881194251747e-15 8.469365673944533e-17
1455.0 3.2756297085181587e-15 8.365714368153359e-17
1456.0 3.537101077677805e-15 8.49369019247259e-17
1457.0 3.4290593652877566e-15 8.586876922669612e-17
1458.0 3.2215746503959446e-15 8.720423345143207e-17
1459.0 3.750785482861014e-15 8.822277986732405e-17
1460.0 3.2979661496386636e-15 8.766551237851569e-17
1461.0 3.6593115453593045e-15 8.765841717893236e-17
1462.0 3.433931222954543e-15 8.799748936729231e-17
1463.0 3.5887370047358576e-15 8.93815752655622e-17
1464.0 3.74427671410096e-15 9.113576355498778e-17
1465.0 3.247278440824614e-15 8.797429354188267e-17
1466.0 2.872990349192915e-15 8.465401273447031e-17
1467.0 2.782366076490373e-15 8.359679427962578e-17
1468.0 3.181496021016097e-15 8.63599934330841e-17
1469.0 3.2052728023984527e-15 8.869526797710529e-17
1470.0 3.095782205311735e-15 8.903156607764834e-17
1471.0 3.3205598940116106e-15 8.940861216974391e-17
1472.0 3.2455887238817993e-15 8.945042072401578e-17
1473.0 2.952169554275358e-15 8.908023061847086e-17
1474.0 3.4032854114410806e-15 9.128163281467036e-17
1475.0 3.3135792773152163e-15 9.203230466535227e-17
1476.0 3.3375627741452866e-15 9.041502696998612e-17
1477.0 2.872192906415554e-15 8.97544118455746e-17
1478.0 2.8416410942581966e-15 9.096011686030355e-17
1479.0 3.4812674685797363e-15 9.310381066949798e-17
1480.0 3.2441630225816555e-15 9.434575999869784e-17
1481.0 3.1717308770689784e-15 9.356035949596632e-17
1482.0 3.3373985851296055e-15 9.205398515439595e-17
1483.0 2.8759198608690025e-15 9.170395008067102e-17
1484.0 2.782933033292029e-15 9.16838859475433e-17
1485.0 3.4085343490145098e-15 9.210317672574092e-17
1486.0 2.7948184132474234e-15 9.188376135255961e-17
1487.0 3.452210091816466e-15 9.569351753847056e-17
1488.0 3.557282523055205e-15 9.845876850699638e-17
1489.0 3.662388255348054e-15 9.702284820682017e-17
1490.0 3.756008490475639e-15 9.696411708437961e-17
1491.0 3.430730640398941e-15 9.694154611896389e-17
1492.0 3.570506962804341e-15 9.61697464808802e-17
1493.0 2.947722071336523e-15 9.35547776029311e-17
1494.0 2.767718495976894e-15 9.134661595483327e-17
1495.0 2.8426264134591614e-15 9.251913128111214e-17
1496.0 3.328786048637434e-15 9.573636316026613e-17
1497.0 3.2813506362463094e-15 9.641728361143343e-17
1498.0 3.3323249338841846e-15 9.608323556463338e-17
1499.0 2.622975967888622e-15 9.195587811416287e-17
1500.0 2.397167635254916e-15 8.997284138473692e-17
1501.0 2.489770149280297e-15 8.947796753334626e-17
1502.0 2.287779674700653e-15 8.863653605131199e-17
1503.0 2.9774611679298872e-15 9.325371313277722e-17
1504.0 2.7625143394276743e-15 9.359380630858021e-17
1505.0 2.773466559468178e-15 9.306398853252114e-17
1506.0 3.0032212157081045e-15 9.575866673821716e-17
1507.0 3.627046086981701e-15 9.783297670797041e-17
1508.0 3.0789506379272447e-15 9.842084595939944e-17
1509.0 3.3496565394208005e-15 9.947594410929749e-17
1510.0 3.1262872885730763e-15 9.708294848028242e-17
1511.0 2.549130909342207e-15 9.278209499919123e-17
1512.0 2.384403446309802e-15 9.025677018503019e-17
1513.0 2.7535927998669998e-15 9.175343756013211e-17
1514.0 2.8768173424886406e-15 9.46094612703566e-17
1515.0 3.384092627563148e-15 9.666558558830973e-17
1516.0 2.5629765719448824e-15 9.31924371695972e-17
1517.0 2.4768750113512417e-15 9.232968534737832e-17
1518.0 2.8944094418650547e-15 9.649259985514341e-17
1519.0 3.055775884686453e-15 9.782120134301671e-17
1520.0 2.9094642376954562e-15 9.652557185080563e-17
1521.0 3.489681100843398e-15 9.903689921356162e-17
1522.0 3.2268712616758747e-15 1.0088798981681491e-16
1523.0 3.4687585326787072e-15 9.948570877570307e-17
1524.0 1.805580251812934e-15 8.537031604971763e-17
1525.0 1.789438817659966e-15 8.087555113609827e-17
1526.0 7.575340294686386e-16 7.437173448864585e-17
1527.0 7.774712399211574e-16 7.44337067882546e-17
1528.0 2.7253133808066323e-15 9.248677369159045e-17
1529.0 3.12049900444428e-15 9.90873216742598e-17
1530.0 2.2089924107114184e-15 9.34855569364666e-17
1531.0 2.244190544045137e-15 9.000109434847475e-17
1532.0 1.826331023839333e-15 8.857468278438486e-17
1533.0 1.9171531604989997e-15 8.877401210730226e-17
1534.0 1.9818426587409817e-15 9.050843634486358e-17
1535.0 2.265650661742918e-15 9.332074204581141e-17
1536.0 2.2857658809091685e-15 9.336648934827636e-17
1537.0 2.4016420507008273e-15 9.257870351694446e-17
1538.0 1.897836827000314e-15 9.005293689476323e-17
1539.0 1.7399379753689808e-15 8.92374210885051e-17
1540.0 1.7879570510702225e-15 8.981589392521505e-17
1541.0 1.8755056836898444e-15 8.92640239342657e-17
1542.0 1.547846559601922e-15 8.876066888016359e-17
1543.0 1.2633763562016007e-15 8.683309800805938e-17
1544.0 1.7021332248356668e-15 8.674232697017715e-17
1545.0 9.943346884836256e-16 8.031541809001856e-17
1546.0 7.153835984369807e-16 7.81205655281495e-17
1547.0 9.657991164051338e-16 7.751358572741031e-17
1548.0 1.6970177013548349e-16 7.246930729119726e-17
1549.0 1.3254884593471346e-15 8.324207174542668e-17
1550.0 1.2052999841697216e-15 8.540374709468056e-17
1551.0 1.3920496733274254e-15 9.060251750520065e-17
1552.0 3.062801478903914e-15 1.0438745264617698e-16
1553.0 3.010425691397904e-15 1.0767830774853471e-16
1554.0 3.081368752702002e-15 1.0850923833202783e-16
1555.0 2.945486411778416e-15 1.0644476140516372e-16
1556.0 2.3889836717434313e-15 1.0304569533201428e-16
1557.0 2.484026054838958e-15 1.0421545556758432e-16
1558.0 3.056683655177976e-15 1.055608196823673e-16
1559.0 2.4558510369322044e-15 1.0436428830015264e-16
1560.0 2.451766652142494e-15 1.0243880915879393e-16
1561.0 2.2442163743202542e-15 1.0142151677370394e-16
1562.0 2.2680212836005307e-15 1.0367720265809915e-16
1563.0 2.3067529108427016e-15 1.0223515165089757e-16
1564.0 2.345984256525186e-15 1.0271221389894642e-16
1565.0 2.237764889842342e-15 1.0490161546410676e-16
1566.0 2.5865593343918917e-15 1.0593468724513902e-16
1567.0 2.8651287973475786e-15 1.0822873663738197e-16
1568.0 2.440844809602214e-15 1.0687387172980958e-16
1569.0 2.157545463687371e-15 1.0495311161180735e-16
1570.0 1.985203826870709e-15 1.071598012818606e-16
1571.0 2.3833031589568893e-15 1.0955191397121196e-16
1572.0 2.8351160429638527e-15 1.1129944304858648e-16
1573.0 2.7796552270786863e-15 1.1344759610029569e-16
1574.0 2.7634423757801824e-15 1.1429260570690317e-16
1575.0 2.342815826289287e-15 1.1075612259266725e-16
1576.0 2.433547528958012e-15 1.1201721541950768e-16
1577.0 2.15761254964698e-15 1.1193242821443e-16
1578.0 2.5111475979911592e-15 1.1317743927973204e-16
1579.0 2.939078140358045e-15 1.1554418948397754e-16
1580.0 1.9497679515801153e-15 1.1216911245078493e-16
1581.0 2.255925434820533e-15 1.143400449853602e-16
1582.0 2.8235653094830653e-15 1.1960869421727522e-16
1583.0 2.7276460895986623e-15 1.210369003598058e-16
1584.0 2.6977785346394177e-15 1.2072117953581105e-16
1585.0 2.3626379797296992e-15 1.1960906530775557e-16
1586.0 2.8911143208931134e-15 1.2298858549365326e-16
1587.0 2.8406140203123403e-15 1.250780356144941e-16
1588.0 2.8678888641130075e-15 1.2545152065688533e-16
1589.0 3.1312235851496597e-15 1.25405698921248e-16
1590.0 2.8181960353221545e-15 1.2527138992403936e-16
1591.0 2.542328833537165e-15 1.2348322794488557e-16
1592.0 2.375040646818252e-15 1.2096988978500372e-16
1593.0 2.662966089543202e-15 1.2200618252662527e-16
1594.0 2.5047337612704586e-15 1.2262079541804933e-16
1595.0 2.3494498639851245e-15 1.207196219720407e-16
1596.0 2.548286455816607e-15 1.225262672579949e-16
1597.0 2.3901607780298164e-15 1.2459338996207507e-16
1598.0 2.6981571527781e-15 1.2530378585415874e-16
1599.0 3.1509491381868484e-15 1.3215838254098441e-16
1600.0 2.5086163355117755e-15 1.4477284952491161e-16
1601.0 1.865800684493116e-15 1.3984389314650956e-16
1602.0 2.200593428703898e-15 1.4553937217324258e-16
1603.0 2.3803767179016336e-15 1.7890653575763615e-16
1604.0 3.510572157333084e-15 1.9166388540030812e-16
1605.0 2.630567859498476e-15 1.9061932997219275e-16
1606.0 9.070951985686805e-16 2.414460998363685e-16
1607.0 2.7900302775191126e-15 2.5053373581331093e-16
1608.0 1.0674527877978332e-15 2.305536366599878e-16
1609.0 5.1094857623552636e-17 1.046174516186332e-16
1610.0 7.397451361710617e-27 3.9369717786294935e-18
1611.0 1.8442852380191723e-34 -3.9742402163902656e-22
1612.0 9.227776404257523e-43 -1.9884885123868327e-30
1613.0 -3.383041596641055e-50 7.290097914318513e-38
1614.0 -6.703644372388021e-58 1.4445639768175048e-45
1615.0 -4.5991746429381754e-57 2.524469934475821e-45
1616.0 1.4737664342487e-48 -8.089449387037097e-37
1617.0 1.075696758137969e-40 -5.904459674570488e-29
1618.0 -1.1426730922952269e-34 8.071775351654147e-21
1619.0 -4.285543413948384e-25 7.773192834729742e-18
1620.0 1.7866516327314566e-15 1.4413501817333207e-16
1621.0 1.8943654531552583e-15 2.7206910738793197e-16
1622.0 2.4717599188346988e-15 2.854614308355454e-16
1623.0 2.4012985999119817e-15 2.681990435827571e-16
1624.0 2.4093753269531645e-15 2.1856943930438709e-16
1625.0 3.146815817962535e-15 2.220555995841053e-16
1626.0 2.928229556658943e-15 2.013819808485267e-16
1627.0 2.1425142868769898e-15 1.7249556928744896e-16
1628.0 2.8811732946833714e-15 1.7241730666313044e-16
1629.0 1.828562769295309e-15 1.6762481103248159e-16
1630.0 2.7303802484298887e-15 1.6154924874021681e-16
1631.0 2.3236079325045674e-15 1.5715116325634523e-16
1632.0 2.495936721745395e-15 1.5923138021388331e-16
1633.0 2.8284489194003358e-15 1.6368156570466215e-16
1634.0 2.957140220931293e-15 1.682706320332901e-16
1635.0 2.3774979903497687e-15 1.6639469747444531e-16
1636.0 2.7576757412856242e-15 1.6968339320131565e-16
1637.0 3.3625763055220293e-15 1.7265562370631676e-16
1638.0 2.992088544119187e-15 1.689180148154105e-16
1639.0 2.8219667849915215e-15 1.6508610472384622e-16
1640.0 1.8451415317539056e-15 1.6048729007787945e-16
1641.0 2.641578141143981e-15 1.6586461991193137e-16
1642.0 2.7312906604499175e-15 1.713788475008695e-16
1643.0 3.4184971858430698e-15 1.776290003670317e-16
1644.0 3.2975108569028197e-15 1.7620393832922602e-16
1645.0 2.5884880301456154e-15 1.7312468774300694e-16
1646.0 3.4055673076918974e-15 1.792338452178849e-16
1647.0 2.221556167475837e-15 1.736339060465034e-16
1648.0 3.52469835748999e-15 1.7851448696584238e-16
1649.0 2.426421910846302e-15 1.7675959198782083e-16
1650.0 2.7258133497895167e-15 1.7464498735701095e-16
1651.0 3.4072616116012403e-15 1.77289920744169e-16
1652.0 2.501128944207609e-15 1.7495032975563246e-16
1653.0 1.911803576192603e-15 1.7180043308127198e-16
1654.0 3.0541536928594475e-15 1.7606152831276644e-16
1655.0 2.687925237302944e-15 1.7853682936743765e-16
1656.0 2.5153064434926427e-15 1.7465305342285054e-16
1657.0 2.1054742747887966e-15 1.7167373548789366e-16
1658.0 2.0510423511405125e-15 1.733868970527106e-16
1659.0 2.8550448490895e-15 1.7697373917378346e-16
1660.0 2.95238418367392e-15 1.803071367486455e-16
1661.0 2.8918075292296757e-15 1.8049745248954186e-16
1662.0 2.5532606146579474e-15 1.743910912235193e-16
1663.0 2.4159087340424882e-15 1.761348048398201e-16
1664.0 2.9517735646282217e-15 1.8256929567811256e-16
1665.0 3.2401789264426183e-15 1.8632034116109296e-16
1666.0 3.2572753050146456e-15 1.8694881950461562e-16
1667.0 2.9401114881196854e-15 1.8211125752332184e-16
1668.0 1.0004647019368381e-15 1.6545625813915504e-16
1669.0 2.5999998965883573e-15 1.7082921710358253e-16
1670.0 1.0241927390131818e-15 1.6038808756865785e-16
1671.0 4.3581028440039533e-16 1.5576073108034272e-16
1672.0 2.7466140979614414e-15 1.7301825871596254e-16
1673.0 2.156150053328494e-15 1.7786506318088463e-16
1674.0 3.150237836096329e-15 1.8796994984789791e-16
1675.0 3.143195925133941e-15 1.8848705771295112e-16
1676.0 2.6998504705859964e-15 1.8350353186663638e-16
1677.0 2.4933070504500542e-15 1.8456127948844375e-16
1678.0 3.5165788146845474e-15 1.9367866096957192e-16
1679.0 3.7364808863260446e-15 1.9639152773772675e-16
1680.0 3.802438944204176e-15 1.948379544956654e-16
1681.0 3.2665143146893445e-15 1.9396294535949386e-16
1682.0 2.8234695613510262e-15 1.9079172729996987e-16
1683.0 2.911407044433708e-15 1.9167700406238772e-16
1684.0 3.479221093349969e-15 1.9522823151938083e-16
1685.0 2.867236117437545e-15 1.9344271252750497e-16
1686.0 3.0365394917436894e-15 1.9483686389270373e-16
1687.0 2.9605959493116194e-15 1.9536235677797189e-16
1688.0 2.145364474140611e-15 1.8922603369862878e-16
1689.0 3.304527222764256e-15 1.9529213589430996e-16
1690.0 2.6425692807804745e-15 1.9222363672294998e-16
1691.0 2.4621307346880378e-15 1.9611579336429052e-16
1692.0 2.7407004241605598e-15 1.938318597979692e-16
1693.0 2.659405297831123e-15 1.921413302472534e-16
1694.0 2.8925406062941387e-15 1.9351538030909817e-16
1695.0 2.0746162966688613e-15 1.9005175322137485e-16
1696.0 2.74575038645491e-15 1.9346285178215124e-16
1697.0 2.7305556213865094e-15 1.9978075181750669e-16
1698.0 3.3598243860031536e-15 1.9848484580401222e-16
1699.0 2.3551677077753227e-15 1.954209772836883e-16
1700.0 2.8025204711983167e-15 1.992319850708055e-16
1701.0 2.699899481426317e-15 1.9745527005462997e-16
1702.0 2.70633724491006e-15 1.9757277779819328e-16
1703.0 2.8412282144497125e-15 1.9920486751460472e-16
1704.0 2.9182074065922994e-15 2.0047978962789606e-16
1705.0 2.607336341376515e-15 1.990051622541989e-16
1706.0 2.40557492917885e-15 1.9733115192784703e-16
1707.0 1.9800903835156727e-15 1.9311948265981e-16
1708.0 2.3467075116654627e-15 1.9863841615609276e-16
1709.0 2.556711120638871e-15 2.003551349990864e-16
1710.0 2.1759626231551516e-15 1.9660980406063606e-16
1711.0 2.5602990328577906e-15 1.9842902321306316e-16
1712.0 3.350592030317846e-15 2.031892512120372e-16
1713.0 2.551428459642052e-15 2.050688909267812e-16
1714.0 2.3604324910801272e-15 2.0386541054901732e-16
1715.0 2.5573248073510412e-15 2.0394986444178177e-16
1716.0 2.207049511965445e-15 2.0466498824209064e-16
1717.0 1.9887882429042045e-15 2.0151183392405546e-16
1718.0 1.856288378888348e-15 1.98803239035632e-16
1719.0 1.8661461314670372e-15 1.966772357371671e-16
1720.0 2.066426820593251e-15 1.9886186505513521e-16
1721.0 2.1037703865635265e-15 1.9942182144241389e-16
1722.0 2.1943762133330737e-15 2.0184709828728153e-16
1723.0 2.0475725249734365e-15 2.0169805280119063e-16
1724.0 1.7539303405857486e-15 2.011600374350046e-16
1725.0 2.995353884863184e-15 2.0981253545189447e-16
1726.0 2.917533459260875e-15 2.1361817873408423e-16
1727.0 2.7046063041611197e-15 2.122301051174846e-16
1728.0 2.4303280035467405e-15 2.1306276619871995e-16
1729.0 2.481869037654904e-15 2.1243894210975596e-16
1730.0 2.7432148661459185e-15 2.1323519851681668e-16
1731.0 2.7586880198363794e-15 2.118269388363843e-16
1732.0 2.8019577015651153e-15 2.15757683017554e-16
1733.0 2.1755781549838454e-15 2.135965879589037e-16
1734.0 2.4560957026494953e-15 2.1647441855026435e-16
1735.0 2.7831051467274895e-15 2.2058554161078767e-16
1736.0 2.8497021708078264e-15 2.2067914747190519e-16
1737.0 3.662528173325469e-15 2.2445885145984914e-16
1738.0 2.4966179402835544e-15 2.1909476034641452e-16
1739.0 2.3201937025431547e-15 2.1523984489001728e-16
1740.0 2.709946241494024e-15 2.183016651250092e-16
1741.0 2.0490087969254327e-15 2.1805881010188016e-16
1742.0 2.425820203177344e-15 2.2040267286764007e-16
1743.0 2.6908588620029264e-15 2.22892483864397e-16
1744.0 3.0898987478238383e-15 2.2513593362829285e-16
1745.0 3.0847246667595678e-15 2.275579057487941e-16
1746.0 3.005572844713679e-15 2.281200502864435e-16
1747.0 2.4094211704126912e-15 2.2091887342071536e-16
1748.0 1.8978000086465752e-15 2.2098782967159125e-16
1749.0 2.3396387784409715e-15 2.251387386046747e-16
1750.0 2.656749155267612e-15 2.271349193384503e-16
1751.0 2.30589190866059e-15 2.240656400601951e-16
1752.0 1.9940460943956872e-15 2.2038090449150246e-16
1753.0 2.117091181829775e-15 2.257175070535223e-16
1754.0 3.087388589773901e-15 2.328177022446163e-16
1755.0 3.006294952500624e-15 2.3492806900242914e-16
1756.0 3.3052962264042467e-15 2.4002592140313395e-16
1757.0 3.3516948803176973e-15 2.420878647808936e-16
1758.0 2.9349961146663703e-15 2.4240299171732683e-16
1759.0 2.8125558668848033e-15 2.4143645498381265e-16
1760.0 2.546125910290324e-15 2.360069077140272e-16
1761.0 2.304307855874951e-15 2.3141852574952824e-16
1762.0 2.7250035177324786e-15 2.388110282317168e-16
1763.0 3.2245202301780267e-15 2.420486260018941e-16
1764.0 2.2963601474272872e-15 2.3865015242077915e-16
1765.0 2.6295937035319475e-15 2.421951920839137e-16
1766.0 3.0316612835773515e-15 2.493036424555749e-16
1767.0 3.5034889946652428e-15 2.4797787135856055e-16
1768.0 2.9234724969627215e-15 2.448277862149469e-16
1769.0 2.8059423169001434e-15 2.4268200444527293e-16
1770.0 1.8833699337236977e-15 2.341095210753254e-16
1771.0 2.227144906848635e-15 2.370386832042231e-16
1772.0 1.939315529448028e-15 2.4146174703917454e-16
1773.0 2.4766092545219096e-15 2.4587418121677577e-16
1774.0 2.1912149317775595e-15 2.429423544725509e-16
1775.0 2.742176067386007e-15 2.445393674243863e-16
1776.0 2.3259067968358305e-15 2.4617158458287947e-16
1777.0 2.9081045411596938e-15 2.4801482748370724e-16
1778.0 3.363319196556611e-15 2.518859705059571e-16
1779.0 2.9665261515162983e-15 2.5362733727261994e-16
1780.0 3.3108067888161936e-15 2.550176699074396e-16
1781.0 2.870579995206227e-15 2.52813636752188e-16
1782.0 2.5190568480552304e-15 2.554558555576278e-16
1783.0 2.8417788489743132e-15 2.6167113192426196e-16
1784.0 3.138352743328091e-15 2.634386601041446e-16
1785.0 2.3911520492941863e-15 2.6055870106881327e-16
1786.0 2.7316016246780905e-15 2.6099369403198686e-16
1787.0 2.573193421399996e-15 2.5837140598929896e-16
1788.0 2.5683627529842806e-15 2.580548182346356e-16
1789.0 2.5250545895108915e-15 2.663661467552603e-16
1790.0 2.4924627058057463e-15 2.9790250934203346e-16
1791.0 1.9200882715674523e-15 3.044331069825123e-16
1792.0 2.574877959562131e-15 3.1299204642687697e-16
1793.0 2.3905845356077793e-15 3.645093613931684e-16
1794.0 2.761411050361263e-15 3.902729064856943e-16
1795.0 1.8951274091955383e-15 4.1673477465933116e-16
1796.0 2.9027496525354516e-15 5.80987131461997e-16
1797.0 2.5434163381844194e-15 4.001860038896976e-16
1798.0 0.0 99.0
1799.0 0.0 99.0
1800.0 0.0 99.0
1801.0 0.0 99.0
1802.0 0.0 99.0
1803.0 0.0 99.0
1804.0 0.0 99.0
1805.0 0.0 99.0
1806.0 0.0 99.0
1807.0 0.0 99.0
1808.0 0.0 99.0
1809.0 0.0 99.0
1810.0 0.0 99.0
1811.0 0.0 99.0
1812.0 0.0 99.0
1813.0 0.0 99.0
1814.0 0.0 99.0
1815.0 0.0 99.0
1816.0 0.0 99.0
1817.0 0.0 99.0
1818.0 0.0 99.0
1819.0 0.0 99.0
1820.0 0.0 99.0
1821.0 0.0 99.0
1822.0 0.0 99.0
1823.0 0.0 99.0
1824.0 0.0 99.0
1825.0 0.0 99.0
1826.0 0.0 99.0
1827.0 0.0 99.0
1828.0 0.0 99.0
1829.0 0.0 99.0
1830.0 0.0 99.0
1831.0 0.0 99.0
1832.0 0.0 99.0
1833.0 0.0 99.0
1834.0 0.0 99.0
1835.0 0.0 99.0
1836.0 0.0 99.0
1837.0 0.0 99.0
1838.0 0.0 99.0
1839.0 0.0 99.0
1840.0 0.0 99.0
1841.0 0.0 99.0
1842.0 0.0 99.0
1843.0 0.0 99.0
1844.0 0.0 99.0
1845.0 0.0 99.0
1846.0 0.0 99.0
1847.0 0.0 99.0
1848.0 0.0 99.0
1849.0 0.0 99.0
1850.0 0.0 99.0
1851.0 0.0 99.0
1852.0 0.0 99.0
1853.0 0.0 99.0
1854.0 0.0 99.0
1855.0 0.0 99.0
1856.0 0.0 99.0
1857.0 0.0 99.0
1858.0 0.0 99.0
1859.0 0.0 99.0
1860.0 0.0 99.0
1861.0 0.0 99.0
1862.0 0.0 99.0
1863.0 0.0 99.0
1864.0 0.0 99.0
1865.0 0.0 99.0
1866.0 0.0 99.0
1867.0 0.0 99.0
1868.0 0.0 99.0
1869.0 0.0 99.0
1870.0 0.0 99.0
1871.0 0.0 99.0
1872.0 0.0 99.0
1873.0 0.0 99.0
1874.0 0.0 99.0
1875.0 0.0 99.0
1876.0 0.0 99.0
1877.0 0.0 99.0
1878.0 0.0 99.0
1879.0 0.0 99.0
1880.0 0.0 99.0
1881.0 0.0 99.0
1882.0 0.0 99.0
1883.0 0.0 99.0
1884.0 0.0 99.0
1885.0 0.0 99.0
1886.0 0.0 99.0
1887.0 0.0 99.0
1888.0 0.0 99.0
1889.0 0.0 99.0
1890.0 0.0 99.0
1891.0 0.0 99.0
1892.0 0.0 99.0
1893.0 0.0 99.0
1894.0 0.0 99.0
1895.0 0.0 99.0
1896.0 0.0 99.0
1897.0 0.0 99.0
1898.0 0.0 99.0
1899.0 0.0 99.0
1900.0 0.0 99.0
1901.0 0.0 99.0
1902.0 0.0 99.0
1903.0 0.0 99.0
1904.0 0.0 99.0
1905.0 0.0 99.0
1906.0 0.0 99.0
1907.0 0.0 99.0
1908.0 0.0 99.0
1909.0 0.0 99.0
1910.0 0.0 99.0
1911.0 0.0 99.0
1912.0 0.0 99.0
1913.0 0.0 99.0
1914.0 0.0 99.0
1915.0 0.0 99.0
1916.0 0.0 99.0
1917.0 0.0 99.0
1918.0 0.0 99.0
1919.0 0.0 99.0
1920.0 0.0 99.0
1921.0 0.0 99.0
1922.0 0.0 99.0
1923.0 0.0 99.0
1924.0 0.0 99.0
1925.0 0.0 99.0
1926.0 0.0 99.0
1927.0 0.0 99.0
1928.0 0.0 99.0
1929.0 0.0 99.0
1930.0 0.0 99.0
1931.0 0.0 99.0
1932.0 0.0 99.0
1933.0 0.0 99.0
1934.0 0.0 99.0
1935.0 0.0 99.0
1936.0 0.0 99.0
1937.0 0.0 99.0
1938.0 0.0 99.0
1939.0 0.0 99.0
1940.0 0.0 99.0
1941.0 0.0 99.0
1942.0 0.0 99.0
1943.0 0.0 99.0
1944.0 0.0 99.0
1945.0 0.0 99.0
1946.0 0.0 99.0
1947.0 0.0 99.0
1948.0 0.0 99.0
1949.0 0.0 99.0
1950.0 0.0 99.0
1951.0 0.0 99.0
1952.0 0.0 99.0
1953.0 0.0 99.0
1954.0 0.0 99.0
1955.0 0.0 99.0
1956.0 0.0 99.0
1957.0 0.0 99.0
1958.0 0.0 99.0
1959.0 0.0 99.0
1960.0 0.0 99.0
1961.0 0.0 99.0
1962.0 0.0 99.0
1963.0 0.0 99.0
1964.0 0.0 99.0
1965.0 0.0 99.0
1966.0 0.0 99.0
1967.0 0.0 99.0
1968.0 0.0 99.0
1969.0 0.0 99.0
1970.0 0.0 99.0
1971.0 0.0 99.0
1972.0 0.0 99.0
1973.0 0.0 99.0
1974.0 0.0 99.0
1975.0 0.0 99.0
1976.0 0.0 99.0
1977.0 0.0 99.0
1978.0 0.0 99.0
1979.0 0.0 99.0
1980.0 0.0 99.0
1981.0 0.0 99.0
1982.0 0.0 99.0
1983.0 0.0 99.0
1984.0 0.0 99.0
1985.0 0.0 99.0
1986.0 0.0 99.0
1987.0 0.0 99.0
1988.0 0.0 99.0
1989.0 0.0 99.0
1990.0 0.0 99.0
1991.0 0.0 99.0
1992.0 0.0 99.0
1993.0 0.0 99.0
1994.0 0.0 99.0
1995.0 0.0 99.0
1996.0 0.0 99.0
1997.0 0.0 99.0
1998.0 0.0 99.0
1999.0 0.0 99.0
2000.0 0.0 99.0
2001.0 0.0 99.0
2002.0 0.0 99.0
2003.0 0.0 99.0
2004.0 0.0 99.0
2005.0 0.0 99.0
2006.0 0.0 99.0
2007.0 0.0 99.0
2008.0 0.0 99.0
2009.0 0.0 99.0
2010.0 0.0 99.0
2011.0 0.0 99.0
2012.0 0.0 99.0
2013.0 0.0 99.0
2014.0 0.0 99.0
2015.0 0.0 99.0
2016.0 0.0 99.0
2017.0 0.0 99.0
2018.0 0.0 99.0
2019.0 0.0 99.0
2020.0 0.0 99.0
2021.0 0.0 99.0
2022.0 0.0 99.0
2023.0 0.0 99.0
2024.0 0.0 99.0
2025.0 0.0 99.0
2026.0 0.0 99.0
2027.0 0.0 99.0
2028.0 0.0 99.0
2029.0 0.0 99.0
2030.0 0.0 99.0
2031.0 0.0 99.0
2032.0 0.0 99.0
2033.0 0.0 99.0
2034.0 0.0 99.0
2035.0 0.0 99.0
2036.0 0.0 99.0
2037.0 0.0 99.0
2038.0 0.0 99.0
2039.0 0.0 99.0
2040.0 0.0 99.0
2041.0 0.0 99.0
2042.0 0.0 99.0
2043.0 0.0 99.0
2044.0 0.0 99.0
2045.0 0.0 99.0
2046.0 0.0 99.0
2047.0 0.0 99.0
2048.0 0.0 99.0
2049.0 0.0 99.0
2050.0 0.0 99.0
2051.0 0.0 99.0
2052.0 0.0 99.0
2053.0 0.0 99.0
2054.0 0.0 99.0
2055.0 0.0 99.0
2056.0 0.0 99.0
2057.0 0.0 99.0
2058.0 0.0 99.0
2059.0 0.0 99.0
2060.0 0.0 99.0
2061.0 0.0 99.0
2062.0 0.0 99.0
2063.0 0.0 99.0
2064.0 0.0 99.0
2065.0 0.0 99.0
2066.0 0.0 99.0
2067.0 0.0 99.0
2068.0 0.0 99.0
2069.0 0.0 99.0
2070.0 0.0 99.0
2071.0 0.0 99.0
2072.0 0.0 99.0
2073.0 0.0 99.0
2074.0 0.0 99.0
2075.0 0.0 99.0
2076.0 0.0 99.0
2077.0 0.0 99.0
2078.0 0.0 99.0
2079.0 0.0 99.0
2080.0 0.0 99.0
2081.0 0.0 99.0
2082.0 0.0 99.0
2083.0 0.0 99.0
2084.0 0.0 99.0
2085.0 0.0 99.0
2086.0 0.0 99.0
2087.0 0.0 99.0
2088.0 0.0 99.0
2089.0 0.0 99.0
2090.0 0.0 99.0
2091.0 0.0 99.0
2092.0 0.0 99.0
2093.0 0.0 99.0
2094.0 0.0 99.0
2095.0 0.0 99.0
2096.0 0.0 99.0
2097.0 0.0 99.0
2098.0 0.0 99.0
2099.0 0.0 99.0
2100.0 0.0 99.0
2101.0 0.0 99.0
2102.0 0.0 99.0
2103.0 0.0 99.0
2104.0 0.0 99.0
2105.0 0.0 99.0
2106.0 0.0 99.0
2107.0 0.0 99.0
2108.0 0.0 99.0
2109.0 0.0 99.0
2110.0 0.0 99.0
2111.0 0.0 99.0
2112.0 0.0 99.0
2113.0 0.0 99.0
2114.0 0.0 99.0
2115.0 0.0 99.0
2116.0 0.0 99.0
2117.0 0.0 99.0
2118.0 0.0 99.0
2119.0 0.0 99.0
2120.0 0.0 99.0
2121.0 0.0 99.0
2122.0 0.0 99.0
2123.0 0.0 99.0
2124.0 0.0 99.0
2125.0 0.0 99.0
2126.0 0.0 99.0
2127.0 0.0 99.0
2128.0 0.0 99.0
2129.0 0.0 99.0
2130.0 0.0 99.0
2131.0 0.0 99.0
2132.0 0.0 99.0
2133.0 0.0 99.0
2134.0 0.0 99.0
2135.0 0.0 99.0
2136.0 0.0 99.0
2137.0 0.0 99.0
2138.0 0.0 99.0
2139.0 0.0 99.0
2140.0 0.0 99.0
2141.0 0.0 99.0
2142.0 0.0 99.0
2143.0 0.0 99.0
2144.0 0.0 99.0
2145.0 0.0 99.0
2146.0 0.0 99.0
2147.0 0.0 99.0
2148.0 0.0 99.0
2149.0 0.0 99.0
2150.0 0.0 99.0
2151.0 0.0 99.0
2152.0 0.0 99.0
2153.0 0.0 99.0
2154.0 0.0 99.0
2155.0 0.0 99.0
2156.0 0.0 99.0
2157.0 0.0 99.0
2158.0 0.0 99.0
2159.0 0.0 99.0
2160.0 0.0 99.0
2161.0 0.0 99.0
2162.0 0.0 99.0
2163.0 0.0 99.0
2164.0 0.0 99.0
2165.0 0.0 99.0
2166.0 0.0 99.0
2167.0 0.0 99.0
2168.0 0.0 99.0
2169.0 0.0 99.0
2170.0 0.0 99.0
2171.0 0.0 99.0
2172.0 0.0 99.0
2173.0 0.0 99.0
2174.0 0.0 99.0
2175.0 0.0 99.0
2176.0 0.0 99.0
2177.0 0.0 99.0
2178.0 0.0 99.0
2179.0 0.0 99.0
2180.0 0.0 99.0
2181.0 0.0 99.0
2182.0 0.0 99.0
2183.0 0.0 99.0
2184.0 0.0 99.0
2185.0 0.0 99.0
2186.0 0.0 99.0
2187.0 0.0 99.0
2188.0 0.0 99.0
2189.0 0.0 99.0
2190.0 0.0 99.0
2191.0 0.0 99.0
2192.0 0.0 99.0
2193.0 0.0 99.0
2194.0 0.0 99.0
2195.0 0.0 99.0
2196.0 0.0 99.0
2197.0 0.0 99.0
2198.0 0.0 99.0
2199.0 0.0 99.0
2200.0 0.0 99.0
2201.0 0.0 99.0
2202.0 0.0 99.0
2203.0 0.0 99.0
2204.0 0.0 99.0
2205.0 0.0 99.0
2206.0 0.0 99.0
2207.0 0.0 99.0
2208.0 0.0 99.0
2209.0 0.0 99.0
2210.0 0.0 99.0
2211.0 0.0 99.0
2212.0 0.0 99.0
2213.0 0.0 99.0
2214.0 0.0 99.0
2215.0 0.0 99.0
2216.0 0.0 99.0
2217.0 0.0 99.0
2218.0 0.0 99.0
2219.0 0.0 99.0
2220.0 0.0 99.0
2221.0 0.0 99.0
2222.0 0.0 99.0
2223.0 0.0 99.0
2224.0 0.0 99.0
2225.0 0.0 99.0
2226.0 0.0 99.0
2227.0 0.0 99.0
2228.0 0.0 99.0
2229.0 0.0 99.0
2230.0 0.0 99.0
2231.0 0.0 99.0
2232.0 0.0 99.0
2233.0 0.0 99.0
2234.0 0.0 99.0
2235.0 0.0 99.0
2236.0 0.0 99.0
2237.0 0.0 99.0
2238.0 0.0 99.0
2239.0 0.0 99.0
2240.0 0.0 99.0
2241.0 0.0 99.0
2242.0 0.0 99.0
2243.0 0.0 99.0
2244.0 0.0 99.0
2245.0 0.0 99.0
2246.0 0.0 99.0
2247.0 0.0 99.0
2248.0 0.0 99.0
2249.0 0.0 99.0
2250.0 0.0 99.0
2251.0 0.0 99.0
2252.0 0.0 99.0
2253.0 0.0 99.0
2254.0 0.0 99.0
2255.0 0.0 99.0
2256.0 0.0 99.0
2257.0 0.0 99.0
2258.0 0.0 99.0
2259.0 0.0 99.0
2260.0 0.0 99.0
2261.0 0.0 99.0
2262.0 0.0 99.0
2263.0 0.0 99.0
2264.0 0.0 99.0
2265.0 0.0 99.0
2266.0 0.0 99.0
2267.0 0.0 99.0
2268.0 0.0 99.0
2269.0 0.0 99.0
2270.0 0.0 99.0
2271.0 0.0 99.0
2272.0 0.0 99.0
2273.0 0.0 99.0
2274.0 0.0 99.0
2275.0 0.0 99.0
2276.0 0.0 99.0
2277.0 0.0 99.0
2278.0 0.0 99.0
2279.0 0.0 99.0
2280.0 0.0 99.0
2281.0 0.0 99.0
2282.0 0.0 99.0
2283.0 0.0 99.0
2284.0 0.0 99.0
2285.0 0.0 99.0
2286.0 0.0 99.0
2287.0 0.0 99.0
2288.0 0.0 99.0
2289.0 0.0 99.0
2290.0 0.0 99.0
2291.0 0.0 99.0
2292.0 0.0 99.0
2293.0 0.0 99.0
2294.0 0.0 99.0
2295.0 0.0 99.0
2296.0 0.0 99.0
2297.0 0.0 99.0
2298.0 0.0 99.0
2299.0 0.0 99.0
2300.0 0.0 99.0
2301.0 0.0 99.0
2302.0 0.0 99.0
2303.0 0.0 99.0
2304.0 0.0 99.0
2305.0 0.0 99.0
2306.0 0.0 99.0
2307.0 0.0 99.0
2308.0 0.0 99.0
2309.0 0.0 99.0
2310.0 0.0 99.0
2311.0 0.0 99.0
2312.0 0.0 99.0
2313.0 0.0 99.0
2314.0 0.0 99.0
2315.0 0.0 99.0
2316.0 0.0 99.0
2317.0 0.0 99.0
2318.0 0.0 99.0
2319.0 0.0 99.0
2320.0 0.0 99.0
2321.0 0.0 99.0
2322.0 0.0 99.0
2323.0 0.0 99.0
2324.0 0.0 99.0
2325.0 0.0 99.0
2326.0 0.0 99.0
2327.0 0.0 99.0
2328.0 0.0 99.0
2329.0 0.0 99.0
2330.0 0.0 99.0
2331.0 0.0 99.0
2332.0 0.0 99.0
2333.0 0.0 99.0
2334.0 0.0 99.0
2335.0 0.0 99.0
2336.0 0.0 99.0
2337.0 0.0 99.0
2338.0 0.0 99.0
2339.0 0.0 99.0
2340.0 0.0 99.0
2341.0 0.0 99.0
2342.0 0.0 99.0
2343.0 0.0 99.0
2344.0 0.0 99.0
2345.0 0.0 99.0
2346.0 0.0 99.0
2347.0 0.0 99.0
2348.0 0.0 99.0
2349.0 0.0 99.0
2350.0 0.0 99.0
2351.0 0.0 99.0
2352.0 0.0 99.0
2353.0 0.0 99.0
2354.0 0.0 99.0
2355.0 0.0 99.0
2356.0 0.0 99.0
2357.0 0.0 99.0
2358.0 0.0 99.0
2359.0 0.0 99.0
2360.0 0.0 99.0
2361.0 0.0 99.0
2362.0 0.0 99.0
2363.0 0.0 99.0
2364.0 0.0 99.0
2365.0 0.0 99.0
2366.0 0.0 99.0
2367.0 0.0 99.0
2368.0 0.0 99.0
2369.0 0.0 99.0
2370.0 0.0 99.0
2371.0 0.0 99.0
2372.0 0.0 99.0
2373.0 0.0 99.0
2374.0 0.0 99.0
2375.0 0.0 99.0
2376.0 0.0 99.0
2377.0 0.0 99.0
2378.0 0.0 99.0
2379.0 0.0 99.0
2380.0 0.0 99.0
2381.0 0.0 99.0
2382.0 0.0 99.0
2383.0 0.0 99.0
2384.0 0.0 99.0
2385.0 0.0 99.0
2386.0 0.0 99.0
2387.0 0.0 99.0
2388.0 0.0 99.0
2389.0 0.0 99.0
2390.0 0.0 99.0
2391.0 0.0 99.0
2392.0 0.0 99.0
2393.0 0.0 99.0
2394.0 0.0 99.0
2395.0 0.0 99.0
2396.0 0.0 99.0
2397.0 0.0 99.0
2398.0 0.0 99.0
2399.0 0.0 99.0
2400.0 0.0 99.0
2401.0 0.0 99.0
2402.0 0.0 99.0
2403.0 0.0 99.0
2404.0 0.0 99.0
2405.0 0.0 99.0
2406.0 0.0 99.0
2407.0 0.0 99.0
2408.0 0.0 99.0
2409.0 0.0 99.0
2410.0 0.0 99.0
2411.0 0.0 99.0
2412.0 0.0 99.0
2413.0 0.0 99.0
2414.0 0.0 99.0
2415.0 0.0 99.0
2416.0 0.0 99.0
2417.0 0.0 99.0
2418.0 0.0 99.0
2419.0 0.0 99.0
2420.0 0.0 99.0
2421.0 0.0 99.0
2422.0 0.0 99.0
2423.0 0.0 99.0
2424.0 0.0 99.0
2425.0 0.0 99.0
2426.0 0.0 99.0
2427.0 0.0 99.0
2428.0 0.0 99.0
2429.0 0.0 99.0
2430.0 0.0 99.0
2431.0 0.0 99.0
2432.0 0.0 99.0
2433.0 0.0 99.0
2434.0 0.0 99.0
2435.0 0.0 99.0
2436.0 0.0 99.0
2437.0 0.0 99.0
2438.0 0.0 99.0
2439.0 0.0 99.0
2440.0 0.0 99.0
2441.0 0.0 99.0
2442.0 0.0 99.0
2443.0 0.0 99.0
2444.0 0.0 99.0
2445.0 0.0 99.0
2446.0 0.0 99.0
2447.0 0.0 99.0
2448.0 0.0 99.0
2449.0 0.0 99.0
2450.0 0.0 99.0
2451.0 0.0 99.0
2452.0 0.0 99.0
2453.0 0.0 99.0
2454.0 0.0 99.0
2455.0 0.0 99.0
2456.0 0.0 99.0
2457.0 0.0 99.0
2458.0 0.0 99.0
2459.0 0.0 99.0
2460.0 0.0 99.0
2461.0 0.0 99.0
2462.0 0.0 99.0
2463.0 0.0 99.0
2464.0 0.0 99.0
2465.0 0.0 99.0
2466.0 0.0 99.0
2467.0 0.0 99.0
2468.0 0.0 99.0
2469.0 0.0 99.0
2470.0 0.0 99.0
2471.0 0.0 99.0
2472.0 0.0 99.0
2473.0 0.0 99.0
2474.0 0.0 99.0
2475.0 0.0 99.0
2476.0 0.0 99.0
2477.0 0.0 99.0
2478.0 0.0 99.0
2479.0 0.0 99.0
2480.0 0.0 99.0
2481.0 0.0 99.0
2482.0 0.0 99.0
2483.0 0.0 99.0
2484.0 0.0 99.0
2485.0 0.0 99.0
2486.0 0.0 99.0
2487.0 0.0 99.0
2488.0 0.0 99.0
2489.0 0.0 99.0
2490.0 0.0 99.0
2491.0 0.0 99.0
2492.0 0.0 99.0
2493.0 0.0 99.0
2494.0 0.0 99.0
2495.0 0.0 99.0
2496.0 0.0 99.0
2497.0 0.0 99.0
2498.0 0.0 99.0
2499.0 0.0 99.0
2500.0 0.0 99.0
2501.0 0.0 99.0
2502.0 0.0 99.0
2503.0 0.0 99.0
2504.0 0.0 99.0
2505.0 0.0 99.0
2506.0 0.0 99.0
2507.0 0.0 99.0
2508.0 0.0 99.0
2509.0 0.0 99.0
2510.0 0.0 99.0
2511.0 0.0 99.0
2512.0 0.0 99.0
2513.0 0.0 99.0
2514.0 0.0 99.0
2515.0 0.0 99.0
2516.0 0.0 99.0
2517.0 0.0 99.0
2518.0 0.0 99.0
2519.0 0.0 99.0
2520.0 0.0 99.0
2521.0 0.0 99.0
2522.0 0.0 99.0
2523.0 0.0 99.0
2524.0 0.0 99.0
2525.0 0.0 99.0
2526.0 0.0 99.0
2527.0 0.0 99.0
2528.0 0.0 99.0
2529.0 0.0 99.0
2530.0 0.0 99.0
2531.0 0.0 99.0
2532.0 0.0 99.0
2533.0 0.0 99.0
2534.0 0.0 99.0
2535.0 0.0 99.0
2536.0 0.0 99.0
2537.0 0.0 99.0
2538.0 0.0 99.0
2539.0 0.0 99.0
2540.0 0.0 99.0
2541.0 0.0 99.0
2542.0 0.0 99.0
2543.0 0.0 99.0
2544.0 0.0 99.0
2545.0 0.0 99.0
2546.0 0.0 99.0
2547.0 0.0 99.0
2548.0 0.0 99.0
2549.0 0.0 99.0
2550.0 0.0 99.0
2551.0 0.0 99.0
2552.0 0.0 99.0
2553.0 0.0 99.0
2554.0 0.0 99.0
2555.0 0.0 99.0
2556.0 0.0 99.0
2557.0 0.0 99.0
2558.0 0.0 99.0
2559.0 0.0 99.0
2560.0 0.0 99.0
2561.0 0.0 99.0
2562.0 0.0 99.0
2563.0 0.0 99.0
2564.0 0.0 99.0
2565.0 0.0 99.0
2566.0 0.0 99.0
2567.0 0.0 99.0
2568.0 0.0 99.0
2569.0 0.0 99.0
2570.0 0.0 99.0
2571.0 0.0 99.0
2572.0 0.0 99.0
2573.0 0.0 99.0
2574.0 0.0 99.0
2575.0 0.0 99.0
2576.0 0.0 99.0
2577.0 0.0 99.0
2578.0 0.0 99.0
2579.0 0.0 99.0
2580.0 0.0 99.0
2581.0 0.0 99.0
2582.0 0.0 99.0
2583.0 0.0 99.0
2584.0 0.0 99.0
2585.0 0.0 99.0
2586.0 0.0 99.0
2587.0 0.0 99.0
2588.0 0.0 99.0
2589.0 0.0 99.0
2590.0 0.0 99.0
2591.0 0.0 99.0
2592.0 0.0 99.0
2593.0 0.0 99.0
2594.0 0.0 99.0
2595.0 0.0 99.0
2596.0 0.0 99.0
2597.0 0.0 99.0
2598.0 0.0 99.0
2599.0 0.0 99.0
2600.0 0.0 99.0
2601.0 0.0 99.0
2602.0 0.0 99.0
2603.0 0.0 99.0
2604.0 0.0 99.0
2605.0 0.0 99.0
2606.0 0.0 99.0
2607.0 0.0 99.0
2608.0 0.0 99.0
2609.0 0.0 99.0
2610.0 0.0 99.0
2611.0 0.0 99.0
2612.0 0.0 99.0
2613.0 0.0 99.0
2614.0 0.0 99.0
2615.0 0.0 99.0
2616.0 0.0 99.0
2617.0 0.0 99.0
2618.0 0.0 99.0
2619.0 0.0 99.0
2620.0 0.0 99.0
2621.0 0.0 99.0
2622.0 0.0 99.0
2623.0 0.0 99.0
2624.0 0.0 99.0
2625.0 0.0 99.0
2626.0 0.0 99.0
2627.0 0.0 99.0
2628.0 0.0 99.0
2629.0 0.0 99.0
2630.0 0.0 99.0
2631.0 0.0 99.0
2632.0 0.0 99.0
2633.0 0.0 99.0
2634.0 0.0 99.0
2635.0 0.0 99.0
2636.0 0.0 99.0
2637.0 0.0 99.0
2638.0 0.0 99.0
2639.0 0.0 99.0
2640.0 0.0 99.0
2641.0 0.0 99.0
2642.0 0.0 99.0
2643.0 0.0 99.0
2644.0 0.0 99.0
2645.0 0.0 99.0
2646.0 0.0 99.0
2647.0 0.0 99.0
2648.0 0.0 99.0
2649.0 0.0 99.0
2650.0 0.0 99.0
2651.0 0.0 99.0
2652.0 0.0 99.0
2653.0 0.0 99.0
2654.0 0.0 99.0
2655.0 0.0 99.0
2656.0 0.0 99.0
2657.0 0.0 99.0
2658.0 0.0 99.0
2659.0 0.0 99.0
2660.0 0.0 99.0
2661.0 0.0 99.0
2662.0 0.0 99.0
2663.0 0.0 99.0
2664.0 0.0 99.0
2665.0 0.0 99.0
2666.0 0.0 99.0
2667.0 0.0 99.0
2668.0 0.0 99.0
2669.0 0.0 99.0
2670.0 0.0 99.0
2671.0 0.0 99.0
2672.0 0.0 99.0
2673.0 0.0 99.0
2674.0 0.0 99.0
2675.0 0.0 99.0
2676.0 0.0 99.0
2677.0 0.0 99.0
2678.0 0.0 99.0
2679.0 0.0 99.0
2680.0 0.0 99.0
2681.0 0.0 99.0
2682.0 0.0 99.0
2683.0 0.0 99.0
2684.0 0.0 99.0
2685.0 0.0 99.0
2686.0 0.0 99.0
2687.0 0.0 99.0
2688.0 0.0 99.0
2689.0 0.0 99.0
2690.0 0.0 99.0
2691.0 0.0 99.0
2692.0 0.0 99.0
2693.0 0.0 99.0
2694.0 0.0 99.0
2695.0 0.0 99.0
2696.0 0.0 99.0
2697.0 0.0 99.0
2698.0 0.0 99.0
2699.0 0.0 99.0
2700.0 0.0 99.0
2701.0 0.0 99.0
2702.0 0.0 99.0
2703.0 0.0 99.0
2704.0 0.0 99.0
2705.0 0.0 99.0
2706.0 0.0 99.0
2707.0 0.0 99.0
2708.0 0.0 99.0
2709.0 0.0 99.0
2710.0 0.0 99.0
2711.0 0.0 99.0
2712.0 0.0 99.0
2713.0 0.0 99.0
2714.0 0.0 99.0
2715.0 0.0 99.0
2716.0 0.0 99.0
2717.0 0.0 99.0
2718.0 0.0 99.0
2719.0 0.0 99.0
2720.0 0.0 99.0
2721.0 0.0 99.0
2722.0 0.0 99.0
2723.0 0.0 99.0
2724.0 0.0 99.0
2725.0 0.0 99.0
2726.0 0.0 99.0
2727.0 0.0 99.0
2728.0 0.0 99.0
2729.0 0.0 99.0
2730.0 0.0 99.0
2731.0 0.0 99.0
2732.0 0.0 99.0
2733.0 0.0 99.0
2734.0 0.0 99.0
2735.0 0.0 99.0
2736.0 0.0 99.0
2737.0 0.0 99.0
2738.0 0.0 99.0
2739.0 0.0 99.0
2740.0 0.0 99.0
2741.0 0.0 99.0
2742.0 0.0 99.0
2743.0 0.0 99.0
2744.0 0.0 99.0
2745.0 0.0 99.0
2746.0 0.0 99.0
2747.0 0.0 99.0
2748.0 0.0 99.0
2749.0 0.0 99.0
2750.0 0.0 99.0
2751.0 0.0 99.0
2752.0 0.0 99.0
2753.0 0.0 99.0
2754.0 0.0 99.0
2755.0 0.0 99.0
2756.0 0.0 99.0
2757.0 0.0 99.0
2758.0 0.0 99.0
2759.0 0.0 99.0
2760.0 0.0 99.0
2761.0 0.0 99.0
2762.0 0.0 99.0
2763.0 0.0 99.0
2764.0 0.0 99.0
2765.0 0.0 99.0
2766.0 0.0 99.0
2767.0 0.0 99.0
2768.0 0.0 99.0
2769.0 0.0 99.0
2770.0 0.0 99.0
2771.0 0.0 99.0
2772.0 0.0 99.0
2773.0 0.0 99.0
2774.0 0.0 99.0
2775.0 0.0 99.0
2776.0 0.0 99.0
2777.0 0.0 99.0
2778.0 0.0 99.0
2779.0 0.0 99.0
2780.0 0.0 99.0
2781.0 0.0 99.0
2782.0 0.0 99.0
2783.0 0.0 99.0
2784.0 0.0 99.0
2785.0 0.0 99.0
2786.0 0.0 99.0
2787.0 0.0 99.0
2788.0 0.0 99.0
2789.0 0.0 99.0
2790.0 0.0 99.0
2791.0 0.0 99.0
2792.0 0.0 99.0
2793.0 0.0 99.0
2794.0 0.0 99.0
2795.0 0.0 99.0
2796.0 0.0 99.0
2797.0 0.0 99.0
2798.0 0.0 99.0
2799.0 0.0 99.0
2800.0 0.0 99.0
2801.0 0.0 99.0
2802.0 0.0 99.0
2803.0 0.0 99.0
2804.0 0.0 99.0
2805.0 0.0 99.0
2806.0 0.0 99.0
2807.0 0.0 99.0
2808.0 0.0 99.0
2809.0 0.0 99.0
2810.0 0.0 99.0
2811.0 0.0 99.0
2812.0 0.0 99.0
2813.0 0.0 99.0
2814.0 0.0 99.0
2815.0 0.0 99.0
2816.0 0.0 99.0
2817.0 0.0 99.0
2818.0 0.0 99.0
2819.0 0.0 99.0
2820.0 0.0 99.0
2821.0 0.0 99.0
2822.0 0.0 99.0
2823.0 0.0 99.0
2824.0 0.0 99.0
2825.0 0.0 99.0
2826.0 0.0 99.0
2827.0 0.0 99.0
2828.0 0.0 99.0
2829.0 0.0 99.0
2830.0 0.0 99.0
2831.0 0.0 99.0
2832.0 0.0 99.0
2833.0 0.0 99.0
2834.0 0.0 99.0
2835.0 0.0 99.0
2836.0 0.0 99.0
2837.0 0.0 99.0
2838.0 0.0 99.0
2839.0 0.0 99.0
2840.0 0.0 99.0
2841.0 0.0 99.0
2842.0 0.0 99.0
2843.0 0.0 99.0
2844.0 0.0 99.0
2845.0 0.0 99.0
2846.0 0.0 99.0
2847.0 0.0 99.0
2848.0 0.0 99.0
2849.0 0.0 99.0
2850.0 0.0 99.0
2851.0 0.0 99.0
2852.0 0.0 99.0
2853.0 0.0 99.0
2854.0 0.0 99.0
2855.0 0.0 99.0
2856.0 0.0 99.0
2857.0 0.0 99.0
2858.0 0.0 99.0
2859.0 0.0 99.0
2860.0 0.0 99.0
2861.0 0.0 99.0
2862.0 0.0 99.0
2863.0 0.0 99.0
2864.0 0.0 99.0
2865.0 0.0 99.0
2866.0 0.0 99.0
2867.0 0.0 99.0
2868.0 0.0 99.0
2869.0 0.0 99.0
2870.0 0.0 99.0
2871.0 0.0 99.0
2872.0 0.0 99.0
2873.0 0.0 99.0
2874.0 0.0 99.0
2875.0 0.0 99.0
2876.0 0.0 99.0
2877.0 0.0 99.0
2878.0 0.0 99.0
2879.0 0.0 99.0
2880.0 0.0 99.0
2881.0 0.0 99.0
2882.0 0.0 99.0
2883.0 0.0 99.0
2884.0 0.0 99.0
2885.0 0.0 99.0
2886.0 0.0 99.0
2887.0 0.0 99.0
2888.0 0.0 99.0
2889.0 0.0 99.0
2890.0 0.0 99.0
2891.0 0.0 99.0
2892.0 0.0 99.0
2893.0 0.0 99.0
2894.0 0.0 99.0
2895.0 0.0 99.0
2896.0 0.0 99.0
2897.0 0.0 99.0
2898.0 0.0 99.0
2899.0 0.0 99.0
2900.0 0.0 99.0
2901.0 0.0 99.0
2902.0 0.0 99.0
2903.0 0.0 99.0
2904.0 0.0 99.0
2905.0 0.0 99.0
2906.0 0.0 99.0
2907.0 0.0 99.0
2908.0 0.0 99.0
2909.0 0.0 99.0
2910.0 0.0 99.0
2911.0 0.0 99.0
2912.0 0.0 99.0
2913.0 0.0 99.0
2914.0 0.0 99.0
2915.0 0.0 99.0
2916.0 0.0 99.0
2917.0 0.0 99.0
2918.0 0.0 99.0
2919.0 0.0 99.0
2920.0 0.0 99.0
2921.0 0.0 99.0
2922.0 0.0 99.0
2923.0 0.0 99.0
2924.0 0.0 99.0
2925.0 0.0 99.0
2926.0 0.0 99.0
2927.0 0.0 99.0
2928.0 0.0 99.0
2929.0 0.0 99.0
2930.0 0.0 99.0
2931.0 0.0 99.0
2932.0 0.0 99.0
2933.0 0.0 99.0
2934.0 0.0 99.0
2935.0 0.0 99.0
2936.0 0.0 99.0
2937.0 0.0 99.0
2938.0 0.0 99.0
2939.0 0.0 99.0
2940.0 0.0 99.0
2941.0 0.0 99.0
2942.0 0.0 99.0
2943.0 0.0 99.0
2944.0 0.0 99.0
2945.0 0.0 99.0
2946.0 0.0 99.0
2947.0 0.0 99.0
2948.0 0.0 99.0
2949.0 0.0 99.0
2950.0 0.0 99.0
2951.0 0.0 99.0
2952.0 0.0 99.0
2953.0 0.0 99.0
2954.0 0.0 99.0
2955.0 0.0 99.0
2956.0 0.0 99.0
2957.0 0.0 99.0
2958.0 0.0 99.0
2959.0 0.0 99.0
2960.0 0.0 99.0
2961.0 0.0 99.0
2962.0 0.0 99.0
2963.0 0.0 99.0
2964.0 0.0 99.0
2965.0 0.0 99.0
2966.0 0.0 99.0
2967.0 0.0 99.0
2968.0 0.0 99.0
2969.0 0.0 99.0
2970.0 0.0 99.0
2971.0 0.0 99.0
2972.0 0.0 99.0
2973.0 0.0 99.0
2974.0 0.0 99.0
2975.0 0.0 99.0
2976.0 0.0 99.0
2977.0 0.0 99.0
2978.0 0.0 99.0
2979.0 0.0 99.0
2980.0 0.0 99.0
2981.0 0.0 99.0
2982.0 0.0 99.0
2983.0 0.0 99.0
2984.0 0.0 99.0
2985.0 0.0 99.0
2986.0 0.0 99.0
2987.0 0.0 99.0
2988.0 0.0 99.0
2989.0 0.0 99.0
2990.0 0.0 99.0
2991.0 0.0 99.0
2992.0 0.0 99.0
2993.0 0.0 99.0
2994.0 0.0 99.0
2995.0 0.0 99.0
2996.0 0.0 99.0
2997.0 0.0 99.0
2998.0 0.0 99.0
2999.0 0.0 99.0
3000.0 0.0 99.0
